(kicad_pcb (version 20171130) (host pcbnew 5.1.12)

  (general
    (thickness 1.6)
    (drawings 8)
    (tracks 912)
    (zones 0)
    (modules 156)
    (nets 111)
  )

  (page A3)
  (layers
    (0 F.Cu signal)
    (31 B.Cu signal)
    (32 B.Adhes user)
    (33 F.Adhes user)
    (34 B.Paste user)
    (35 F.Paste user)
    (36 B.SilkS user)
    (37 F.SilkS user)
    (38 B.Mask user)
    (39 F.Mask user)
    (40 Dwgs.User user)
    (41 Cmts.User user)
    (42 Eco1.User user)
    (43 Eco2.User user)
    (44 Edge.Cuts user)
    (45 Margin user)
    (46 B.CrtYd user)
    (47 F.CrtYd user)
    (48 B.Fab user hide)
    (49 F.Fab user hide)
  )

  (setup
    (last_trace_width 0.4)
    (user_trace_width 0.4)
    (user_trace_width 0.8)
    (user_trace_width 1)
    (user_trace_width 2)
    (trace_clearance 0.2)
    (zone_clearance 0.2)
    (zone_45_only no)
    (trace_min 0.2)
    (via_size 0.8)
    (via_drill 0.4)
    (via_min_size 0.4)
    (via_min_drill 0.3)
    (uvia_size 0.3)
    (uvia_drill 0.1)
    (uvias_allowed no)
    (uvia_min_size 0.2)
    (uvia_min_drill 0.1)
    (edge_width 0.05)
    (segment_width 0.2)
    (pcb_text_width 0.3)
    (pcb_text_size 1.5 1.5)
    (mod_edge_width 0.12)
    (mod_text_size 1 1)
    (mod_text_width 0.15)
    (pad_size 1.524 1.524)
    (pad_drill 0.762)
    (pad_to_mask_clearance 0)
    (aux_axis_origin 1518.485687 1518.485687)
    (visible_elements 7FFFFFFF)
    (pcbplotparams
      (layerselection 0x010fc_ffffffff)
      (usegerberextensions false)
      (usegerberattributes true)
      (usegerberadvancedattributes true)
      (creategerberjobfile true)
      (excludeedgelayer true)
      (linewidth 0.100000)
      (plotframeref false)
      (viasonmask false)
      (mode 1)
      (useauxorigin false)
      (hpglpennumber 1)
      (hpglpenspeed 20)
      (hpglpendiameter 15.000000)
      (psnegative false)
      (psa4output false)
      (plotreference true)
      (plotvalue true)
      (plotinvisibletext false)
      (padsonsilk false)
      (subtractmaskfromsilk false)
      (outputformat 1)
      (mirror false)
      (drillshape 1)
      (scaleselection 1)
      (outputdirectory ""))
  )

  (net 0 "")
  (net 1 "Net-(D101-Pad2)")
  (net 2 ROW_0)
  (net 3 "Net-(D102-Pad2)")
  (net 4 "Net-(D103-Pad2)")
  (net 5 "Net-(D104-Pad2)")
  (net 6 "Net-(D105-Pad2)")
  (net 7 "Net-(D106-Pad2)")
  (net 8 "Net-(D107-Pad2)")
  (net 9 "Net-(D108-Pad2)")
  (net 10 "Net-(D109-Pad2)")
  (net 11 "Net-(D110-Pad2)")
  (net 12 "Net-(D111-Pad2)")
  (net 13 "Net-(D112-Pad2)")
  (net 14 "Net-(D113-Pad2)")
  (net 15 "Net-(D114-Pad2)")
  (net 16 "Net-(D115-Pad2)")
  (net 17 ROW_1)
  (net 18 "Net-(D116-Pad2)")
  (net 19 "Net-(D117-Pad2)")
  (net 20 "Net-(D118-Pad2)")
  (net 21 "Net-(D119-Pad2)")
  (net 22 "Net-(D120-Pad2)")
  (net 23 "Net-(D121-Pad2)")
  (net 24 "Net-(D122-Pad2)")
  (net 25 "Net-(D123-Pad2)")
  (net 26 "Net-(D124-Pad2)")
  (net 27 "Net-(D125-Pad2)")
  (net 28 "Net-(D126-Pad2)")
  (net 29 "Net-(D127-Pad2)")
  (net 30 "Net-(D128-Pad2)")
  (net 31 "Net-(D129-Pad2)")
  (net 32 ROW_2)
  (net 33 "Net-(D130-Pad2)")
  (net 34 "Net-(D131-Pad2)")
  (net 35 "Net-(D132-Pad2)")
  (net 36 "Net-(D133-Pad2)")
  (net 37 "Net-(D134-Pad2)")
  (net 38 "Net-(D135-Pad2)")
  (net 39 "Net-(D136-Pad2)")
  (net 40 "Net-(D137-Pad2)")
  (net 41 "Net-(D138-Pad2)")
  (net 42 "Net-(D139-Pad2)")
  (net 43 "Net-(D140-Pad2)")
  (net 44 "Net-(D141-Pad2)")
  (net 45 "Net-(D142-Pad2)")
  (net 46 "Net-(D143-Pad2)")
  (net 47 ROW_3)
  (net 48 "Net-(D144-Pad2)")
  (net 49 "Net-(D145-Pad2)")
  (net 50 "Net-(D146-Pad2)")
  (net 51 "Net-(D147-Pad2)")
  (net 52 "Net-(D148-Pad2)")
  (net 53 "Net-(D149-Pad2)")
  (net 54 "Net-(D150-Pad2)")
  (net 55 "Net-(D151-Pad2)")
  (net 56 "Net-(D152-Pad2)")
  (net 57 "Net-(D153-Pad2)")
  (net 58 "Net-(D154-Pad2)")
  (net 59 "Net-(D155-Pad2)")
  (net 60 "Net-(D156-Pad2)")
  (net 61 "Net-(D157-Pad2)")
  (net 62 ROW_4)
  (net 63 "Net-(D158-Pad2)")
  (net 64 "Net-(D159-Pad2)")
  (net 65 "Net-(D160-Pad2)")
  (net 66 "Net-(D161-Pad2)")
  (net 67 "Net-(D162-Pad2)")
  (net 68 "Net-(D163-Pad2)")
  (net 69 "Net-(D164-Pad2)")
  (net 70 "Net-(D165-Pad2)")
  (net 71 "Net-(D166-Pad2)")
  (net 72 COL_0)
  (net 73 COL_1)
  (net 74 COL_2)
  (net 75 COL_3)
  (net 76 COL_4)
  (net 77 COL_5)
  (net 78 COL_6)
  (net 79 COL_7)
  (net 80 COL_8)
  (net 81 COL_9)
  (net 82 COL_10)
  (net 83 COL_11)
  (net 84 COL_12)
  (net 85 COL_13)
  (net 86 GND)
  (net 87 +5V)
  (net 88 XTAL1)
  (net 89 XTAL2)
  (net 90 VBUS)
  (net 91 D+)
  (net 92 "Net-(J101-PadA8)")
  (net 93 "Net-(J101-PadB8)")
  (net 94 D-)
  (net 95 "Net-(J101-PadS1)")
  (net 96 ~RESET)
  (net 97 ~HWB)
  (net 98 "Net-(U102-Pad42)")
  (net 99 "Net-(U102-Pad36)")
  (net 100 MISO)
  (net 101 MOSI)
  (net 102 SCLK)
  (net 103 /USB+)
  (net 104 /USB-)
  (net 105 /UCAP)
  (net 106 /CC2)
  (net 107 /CC1)
  (net 108 SCL)
  (net 109 SDA)
  (net 110 "Net-(J1-PadT)")

  (net_class Default "This is the default net class."
    (clearance 0.2)
    (trace_width 0.25)
    (via_dia 0.8)
    (via_drill 0.4)
    (uvia_dia 0.3)
    (uvia_drill 0.1)
    (add_net +5V)
    (add_net /CC1)
    (add_net /CC2)
    (add_net /UCAP)
    (add_net /USB+)
    (add_net /USB-)
    (add_net COL_0)
    (add_net COL_1)
    (add_net COL_10)
    (add_net COL_11)
    (add_net COL_12)
    (add_net COL_13)
    (add_net COL_2)
    (add_net COL_3)
    (add_net COL_4)
    (add_net COL_5)
    (add_net COL_6)
    (add_net COL_7)
    (add_net COL_8)
    (add_net COL_9)
    (add_net D+)
    (add_net D-)
    (add_net GND)
    (add_net MISO)
    (add_net MOSI)
    (add_net "Net-(D101-Pad2)")
    (add_net "Net-(D102-Pad2)")
    (add_net "Net-(D103-Pad2)")
    (add_net "Net-(D104-Pad2)")
    (add_net "Net-(D105-Pad2)")
    (add_net "Net-(D106-Pad2)")
    (add_net "Net-(D107-Pad2)")
    (add_net "Net-(D108-Pad2)")
    (add_net "Net-(D109-Pad2)")
    (add_net "Net-(D110-Pad2)")
    (add_net "Net-(D111-Pad2)")
    (add_net "Net-(D112-Pad2)")
    (add_net "Net-(D113-Pad2)")
    (add_net "Net-(D114-Pad2)")
    (add_net "Net-(D115-Pad2)")
    (add_net "Net-(D116-Pad2)")
    (add_net "Net-(D117-Pad2)")
    (add_net "Net-(D118-Pad2)")
    (add_net "Net-(D119-Pad2)")
    (add_net "Net-(D120-Pad2)")
    (add_net "Net-(D121-Pad2)")
    (add_net "Net-(D122-Pad2)")
    (add_net "Net-(D123-Pad2)")
    (add_net "Net-(D124-Pad2)")
    (add_net "Net-(D125-Pad2)")
    (add_net "Net-(D126-Pad2)")
    (add_net "Net-(D127-Pad2)")
    (add_net "Net-(D128-Pad2)")
    (add_net "Net-(D129-Pad2)")
    (add_net "Net-(D130-Pad2)")
    (add_net "Net-(D131-Pad2)")
    (add_net "Net-(D132-Pad2)")
    (add_net "Net-(D133-Pad2)")
    (add_net "Net-(D134-Pad2)")
    (add_net "Net-(D135-Pad2)")
    (add_net "Net-(D136-Pad2)")
    (add_net "Net-(D137-Pad2)")
    (add_net "Net-(D138-Pad2)")
    (add_net "Net-(D139-Pad2)")
    (add_net "Net-(D140-Pad2)")
    (add_net "Net-(D141-Pad2)")
    (add_net "Net-(D142-Pad2)")
    (add_net "Net-(D143-Pad2)")
    (add_net "Net-(D144-Pad2)")
    (add_net "Net-(D145-Pad2)")
    (add_net "Net-(D146-Pad2)")
    (add_net "Net-(D147-Pad2)")
    (add_net "Net-(D148-Pad2)")
    (add_net "Net-(D149-Pad2)")
    (add_net "Net-(D150-Pad2)")
    (add_net "Net-(D151-Pad2)")
    (add_net "Net-(D152-Pad2)")
    (add_net "Net-(D153-Pad2)")
    (add_net "Net-(D154-Pad2)")
    (add_net "Net-(D155-Pad2)")
    (add_net "Net-(D156-Pad2)")
    (add_net "Net-(D157-Pad2)")
    (add_net "Net-(D158-Pad2)")
    (add_net "Net-(D159-Pad2)")
    (add_net "Net-(D160-Pad2)")
    (add_net "Net-(D161-Pad2)")
    (add_net "Net-(D162-Pad2)")
    (add_net "Net-(D163-Pad2)")
    (add_net "Net-(D164-Pad2)")
    (add_net "Net-(D165-Pad2)")
    (add_net "Net-(D166-Pad2)")
    (add_net "Net-(J1-PadT)")
    (add_net "Net-(J101-PadA8)")
    (add_net "Net-(J101-PadB8)")
    (add_net "Net-(J101-PadS1)")
    (add_net "Net-(U102-Pad36)")
    (add_net "Net-(U102-Pad42)")
    (add_net ROW_0)
    (add_net ROW_1)
    (add_net ROW_2)
    (add_net ROW_3)
    (add_net ROW_4)
    (add_net SCL)
    (add_net SCLK)
    (add_net SDA)
    (add_net VBUS)
    (add_net XTAL1)
    (add_net XTAL2)
    (add_net ~HWB)
    (add_net ~RESET)
  )

  (module Capacitor_SMD:C_1206_3216Metric_Pad1.33x1.80mm_HandSolder (layer F.Cu) (tedit 5F68FEEF) (tstamp 61A065E1)
    (at 210.312 111.506)
    (descr "Capacitor SMD 1206 (3216 Metric), square (rectangular) end terminal, IPC_7351 nominal with elongated pad for handsoldering. (Body size source: IPC-SM-782 page 76, https://www.pcb-3d.com/wordpress/wp-content/uploads/ipc-sm-782a_amendment_1_and_2.pdf), generated with kicad-footprint-generator")
    (tags "capacitor handsolder")
    (path /61BD86EC)
    (attr smd)
    (fp_text reference C109 (at -2.794 0 90) (layer F.SilkS)
      (effects (font (size 0.3 0.3) (thickness 0.075)))
    )
    (fp_text value 10u (at 0 1.85) (layer F.Fab)
      (effects (font (size 1 1) (thickness 0.15)))
    )
    (fp_text user %R (at 0 0) (layer F.Fab)
      (effects (font (size 0.8 0.8) (thickness 0.12)))
    )
    (fp_line (start -1.6 0.8) (end -1.6 -0.8) (layer F.Fab) (width 0.1))
    (fp_line (start -1.6 -0.8) (end 1.6 -0.8) (layer F.Fab) (width 0.1))
    (fp_line (start 1.6 -0.8) (end 1.6 0.8) (layer F.Fab) (width 0.1))
    (fp_line (start 1.6 0.8) (end -1.6 0.8) (layer F.Fab) (width 0.1))
    (fp_line (start -0.711252 -0.91) (end 0.711252 -0.91) (layer F.SilkS) (width 0.12))
    (fp_line (start -0.711252 0.91) (end 0.711252 0.91) (layer F.SilkS) (width 0.12))
    (fp_line (start -2.48 1.15) (end -2.48 -1.15) (layer F.CrtYd) (width 0.05))
    (fp_line (start -2.48 -1.15) (end 2.48 -1.15) (layer F.CrtYd) (width 0.05))
    (fp_line (start 2.48 -1.15) (end 2.48 1.15) (layer F.CrtYd) (width 0.05))
    (fp_line (start 2.48 1.15) (end -2.48 1.15) (layer F.CrtYd) (width 0.05))
    (pad 2 smd roundrect (at 1.5625 0) (size 1.325 1.8) (layers F.Cu F.Paste F.Mask) (roundrect_rratio 0.188679)
      (net 86 GND))
    (pad 1 smd roundrect (at -1.5625 0) (size 1.325 1.8) (layers F.Cu F.Paste F.Mask) (roundrect_rratio 0.188679)
      (net 90 VBUS))
    (model ${KISYS3DMOD}/Capacitor_SMD.3dshapes/C_1206_3216Metric.wrl
      (at (xyz 0 0 0))
      (scale (xyz 1 1 1))
      (rotate (xyz 0 0 0))
    )
  )

  (module Connector_Audio:Jack_3.5mm_CUI_SJ-3523-SMT_Horizontal (layer B.Cu) (tedit 5C635420) (tstamp 61A02F5F)
    (at 335.788 203.073 90)
    (descr "3.5 mm, Stereo, Right Angle, Surface Mount (SMT), Audio Jack Connector (https://www.cui.com/product/resource/sj-352x-smt-series.pdf)")
    (tags "3.5mm audio cui horizontal jack stereo")
    (path /624834A3)
    (attr smd)
    (fp_text reference J1 (at 0 9.9 90) (layer B.SilkS)
      (effects (font (size 1 1) (thickness 0.15)) (justify mirror))
    )
    (fp_text value AudioJack3 (at 0 -10.35 90) (layer B.Fab)
      (effects (font (size 1 1) (thickness 0.15)) (justify mirror))
    )
    (fp_line (start -3.1 2.3) (end -5.1 2.3) (layer B.SilkS) (width 0.12))
    (fp_line (start -3.1 4.9) (end -5.1 4.9) (layer B.SilkS) (width 0.12))
    (fp_line (start -3.1 -4.2) (end -3.1 2.3) (layer B.SilkS) (width 0.12))
    (fp_line (start -3.1 -8.6) (end -3.1 -7.4) (layer B.SilkS) (width 0.12))
    (fp_line (start 3.1 -8.6) (end -3.1 -8.6) (layer B.SilkS) (width 0.12))
    (fp_line (start 3.1 0.3) (end 3.1 -8.6) (layer B.SilkS) (width 0.12))
    (fp_line (start 3.1 6.1) (end 3.1 2.9) (layer B.SilkS) (width 0.12))
    (fp_line (start 2.6 6.1) (end 3.1 6.1) (layer B.SilkS) (width 0.12))
    (fp_line (start 2.6 8.6) (end 2.6 6.1) (layer B.SilkS) (width 0.12))
    (fp_line (start -2.6 8.6) (end 2.6 8.6) (layer B.SilkS) (width 0.12))
    (fp_line (start -2.6 6.1) (end -2.6 8.6) (layer B.SilkS) (width 0.12))
    (fp_line (start -3.1 6.1) (end -2.6 6.1) (layer B.SilkS) (width 0.12))
    (fp_line (start -3.1 4.9) (end -3.1 6.1) (layer B.SilkS) (width 0.12))
    (fp_line (start -5.6 9) (end 5.6 9) (layer B.CrtYd) (width 0.05))
    (fp_line (start -5.6 -9) (end -5.6 9) (layer B.CrtYd) (width 0.05))
    (fp_line (start 5.6 -9) (end -5.6 -9) (layer B.CrtYd) (width 0.05))
    (fp_line (start 5.6 9) (end 5.6 -9) (layer B.CrtYd) (width 0.05))
    (fp_line (start 2.5 6) (end 3 6) (layer B.Fab) (width 0.1))
    (fp_line (start 2.5 8.5) (end 2.5 6) (layer B.Fab) (width 0.1))
    (fp_line (start -2.5 8.5) (end 2.5 8.5) (layer B.Fab) (width 0.1))
    (fp_line (start -2.5 6) (end -2.5 8.5) (layer B.Fab) (width 0.1))
    (fp_line (start -3 6) (end -2.5 6) (layer B.Fab) (width 0.1))
    (fp_line (start -3 -8.5) (end -3 6) (layer B.Fab) (width 0.1))
    (fp_line (start 3 -8.5) (end -3 -8.5) (layer B.Fab) (width 0.1))
    (fp_line (start 3 6) (end 3 -8.5) (layer B.Fab) (width 0.1))
    (fp_text user %R (at 0 0 90) (layer B.Fab)
      (effects (font (size 1 1) (thickness 0.15)) (justify mirror))
    )
    (pad "" np_thru_hole circle (at 0 -4.5 90) (size 1.7 1.7) (drill 1.7) (layers *.Cu *.Mask))
    (pad "" np_thru_hole circle (at 0 2.5 90) (size 1.7 1.7) (drill 1.7) (layers *.Cu *.Mask))
    (pad T smd rect (at -3.7 -5.8 90) (size 2.8 2.8) (layers B.Cu B.Paste B.Mask)
      (net 110 "Net-(J1-PadT)"))
    (pad S smd rect (at -3.7 3.6 90) (size 2.8 2.2) (layers B.Cu B.Paste B.Mask)
      (net 109 SDA))
    (pad R smd rect (at 3.7 1.6 90) (size 2.8 2.2) (layers B.Cu B.Paste B.Mask)
      (net 108 SCL))
    (model ${KISYS3DMOD}/Connector_Audio.3dshapes/Jack_3.5mm_CUI_SJ-3523-SMT_Horizontal.wrl
      (at (xyz 0 0 0))
      (scale (xyz 1 1 1))
      (rotate (xyz 0 0 0))
    )
  )

  (module Crystal:Crystal_SMD_2016-4Pin_2.0x1.6mm (layer B.Cu) (tedit 5A0FD1B2) (tstamp 619F638C)
    (at 219.202 195.326 135)
    (descr "SMD Crystal SERIES SMD2016/4 http://www.q-crystal.com/upload/5/2015552223166229.pdf, 2.0x1.6mm^2 package")
    (tags "SMD SMT crystal")
    (path /61D89E61)
    (attr smd)
    (fp_text reference Y1 (at 1.661347 0.853124 225) (layer B.SilkS)
      (effects (font (size 0.3 0.3) (thickness 0.075)) (justify mirror))
    )
    (fp_text value 16Mhz (at 0 -2.000001 135) (layer B.Fab)
      (effects (font (size 1 1) (thickness 0.15)) (justify mirror))
    )
    (fp_line (start 1.4 1.3) (end -1.4 1.3) (layer B.CrtYd) (width 0.05))
    (fp_line (start 1.4 -1.3) (end 1.4 1.3) (layer B.CrtYd) (width 0.05))
    (fp_line (start -1.4 -1.3) (end 1.4 -1.3) (layer B.CrtYd) (width 0.05))
    (fp_line (start -1.4 1.3) (end -1.4 -1.3) (layer B.CrtYd) (width 0.05))
    (fp_line (start -1.35 -1.15) (end 1.35 -1.15) (layer B.SilkS) (width 0.12))
    (fp_line (start -1.35 1.15) (end -1.35 -1.15) (layer B.SilkS) (width 0.12))
    (fp_line (start -1 -0.3) (end -0.5 -0.8) (layer B.Fab) (width 0.1))
    (fp_line (start -1 0.7) (end -0.9 0.8) (layer B.Fab) (width 0.1))
    (fp_line (start -1 -0.7) (end -1 0.7) (layer B.Fab) (width 0.1))
    (fp_line (start -0.9 -0.8) (end -1 -0.7) (layer B.Fab) (width 0.1))
    (fp_line (start 0.9 -0.8) (end -0.9 -0.8) (layer B.Fab) (width 0.1))
    (fp_line (start 1 -0.7) (end 0.9 -0.8) (layer B.Fab) (width 0.1))
    (fp_line (start 1 0.7) (end 1 -0.7) (layer B.Fab) (width 0.1))
    (fp_line (start 0.9 0.8) (end 1 0.7) (layer B.Fab) (width 0.1))
    (fp_line (start -0.9 0.8) (end 0.9 0.8) (layer B.Fab) (width 0.1))
    (fp_text user %R (at 0 0 135) (layer B.Fab)
      (effects (font (size 0.5 0.5) (thickness 0.075)) (justify mirror))
    )
    (pad 4 smd rect (at -0.7 0.55 135) (size 0.9 0.8) (layers B.Cu B.Paste B.Mask)
      (net 86 GND))
    (pad 3 smd rect (at 0.7 0.55 135) (size 0.9 0.8) (layers B.Cu B.Paste B.Mask)
      (net 89 XTAL2))
    (pad 2 smd rect (at 0.7 -0.55 135) (size 0.9 0.8) (layers B.Cu B.Paste B.Mask)
      (net 86 GND))
    (pad 1 smd rect (at -0.7 -0.55 135) (size 0.9 0.8) (layers B.Cu B.Paste B.Mask)
      (net 88 XTAL1))
    (model ${KIPRJMOD}/lib/3dmodels/ASVTX-13.STEP
      (at (xyz 0 0 0))
      (scale (xyz 1 1 1))
      (rotate (xyz -90 0 0))
    )
  )

  (module Connector_USB:USB_C_Receptacle_Palconn_UTC16-G (layer B.Cu) (tedit 5CF432E0) (tstamp 61A3EF3F)
    (at 209.677 114.584)
    (descr http://www.palpilot.com/wp-content/uploads/2017/05/UTC027-GKN-OR-Rev-A.pdf)
    (tags "USB C Type-C Receptacle USB2.0")
    (path /61B91CB0)
    (attr smd)
    (fp_text reference J101 (at -0.127 -5.618) (layer B.SilkS) hide
      (effects (font (size 1 1) (thickness 0.15)) (justify mirror))
    )
    (fp_text value USB_C_Receptacle_USB2.0 (at 0 -6.24) (layer B.Fab)
      (effects (font (size 1 1) (thickness 0.15)) (justify mirror))
    )
    (fp_line (start -4.47 2.48) (end 4.47 2.48) (layer B.Fab) (width 0.1))
    (fp_line (start 4.47 2.48) (end 4.47 -4.84) (layer B.Fab) (width 0.1))
    (fp_line (start 4.47 -4.84) (end -4.47 -4.84) (layer B.Fab) (width 0.1))
    (fp_line (start -4.47 2.48) (end -4.47 -4.84) (layer B.Fab) (width 0.1))
    (fp_line (start -5.27 -5.34) (end 5.27 -5.34) (layer B.CrtYd) (width 0.05))
    (fp_line (start -5.27 3.59) (end -5.27 -5.34) (layer B.CrtYd) (width 0.05))
    (fp_line (start 5.27 3.59) (end -5.27 3.59) (layer B.CrtYd) (width 0.05))
    (fp_line (start 5.27 -5.34) (end 5.27 3.59) (layer B.CrtYd) (width 0.05))
    (fp_line (start -4.47 -4.34) (end 4.47 -4.34) (layer Dwgs.User) (width 0.1))
    (fp_line (start -4.47 0.67) (end -4.47 -1.13) (layer B.SilkS) (width 0.12))
    (fp_line (start -4.47 -4.84) (end -4.47 -3.38) (layer B.SilkS) (width 0.12))
    (fp_line (start 4.47 -4.84) (end 4.47 -3.38) (layer B.SilkS) (width 0.12))
    (fp_line (start 4.47 0.67) (end 4.47 -1.13) (layer B.SilkS) (width 0.12))
    (fp_line (start 4.47 -4.84) (end -4.47 -4.84) (layer B.SilkS) (width 0.12))
    (fp_text user "PCB Edge" (at 0 -3.43) (layer Dwgs.User)
      (effects (font (size 1 1) (thickness 0.15)))
    )
    (fp_text user %R (at 0 -1.18) (layer B.Fab)
      (effects (font (size 1 1) (thickness 0.15)) (justify mirror))
    )
    (pad A12 smd rect (at 3.2 2.51) (size 0.6 1.16) (layers B.Cu B.Paste B.Mask)
      (net 86 GND))
    (pad A9 smd rect (at 2.4 2.51) (size 0.6 1.16) (layers B.Cu B.Paste B.Mask)
      (net 90 VBUS))
    (pad B1 smd rect (at 3.2 2.51) (size 0.6 1.16) (layers B.Cu B.Paste B.Mask)
      (net 86 GND))
    (pad B4 smd rect (at 2.4 2.51) (size 0.6 1.16) (layers B.Cu B.Paste B.Mask)
      (net 90 VBUS))
    (pad B12 smd rect (at -3.2 2.51) (size 0.6 1.16) (layers B.Cu B.Paste B.Mask)
      (net 86 GND))
    (pad A1 smd rect (at -3.2 2.51) (size 0.6 1.16) (layers B.Cu B.Paste B.Mask)
      (net 86 GND))
    (pad B9 smd rect (at -2.4 2.51) (size 0.6 1.16) (layers B.Cu B.Paste B.Mask)
      (net 90 VBUS))
    (pad A4 smd rect (at -2.4 2.51) (size 0.6 1.16) (layers B.Cu B.Paste B.Mask)
      (net 90 VBUS))
    (pad "" np_thru_hole circle (at -2.89 1.45 180) (size 0.6 0.6) (drill 0.6) (layers *.Cu *.Mask))
    (pad "" np_thru_hole circle (at 2.89 1.45 180) (size 0.6 0.6) (drill 0.6) (layers *.Cu *.Mask))
    (pad B5 smd rect (at 1.75 2.51 180) (size 0.3 1.16) (layers B.Cu B.Paste B.Mask)
      (net 106 /CC2))
    (pad B6 smd rect (at 0.75 2.51 180) (size 0.3 1.16) (layers B.Cu B.Paste B.Mask)
      (net 91 D+))
    (pad A8 smd rect (at 1.25 2.51 180) (size 0.3 1.16) (layers B.Cu B.Paste B.Mask)
      (net 92 "Net-(J101-PadA8)"))
    (pad A5 smd rect (at -1.25 2.51 180) (size 0.3 1.16) (layers B.Cu B.Paste B.Mask)
      (net 107 /CC1))
    (pad B8 smd rect (at -1.75 2.51 180) (size 0.3 1.16) (layers B.Cu B.Paste B.Mask)
      (net 93 "Net-(J101-PadB8)"))
    (pad A7 smd rect (at 0.25 2.51 180) (size 0.3 1.16) (layers B.Cu B.Paste B.Mask)
      (net 94 D-))
    (pad A6 smd rect (at -0.25 2.51 180) (size 0.3 1.16) (layers B.Cu B.Paste B.Mask)
      (net 91 D+))
    (pad B7 smd rect (at -0.75 2.51 180) (size 0.3 1.16) (layers B.Cu B.Paste B.Mask)
      (net 94 D-))
    (pad S1 thru_hole oval (at 4.32 -2.24 270) (size 1.7 0.9) (drill oval 1.4 0.6) (layers *.Cu *.Mask)
      (net 95 "Net-(J101-PadS1)"))
    (pad S1 thru_hole oval (at -4.32 -2.24 270) (size 1.7 0.9) (drill oval 1.4 0.6) (layers *.Cu *.Mask)
      (net 95 "Net-(J101-PadS1)"))
    (pad S1 thru_hole oval (at 4.32 1.93 270) (size 2 0.9) (drill oval 1.7 0.6) (layers *.Cu *.Mask)
      (net 95 "Net-(J101-PadS1)"))
    (pad S1 thru_hole oval (at -4.32 1.93 270) (size 2 0.9) (drill oval 1.7 0.6) (layers *.Cu *.Mask)
      (net 95 "Net-(J101-PadS1)"))
    (model ${KIPRJMOD}/lib/3dmodels/TYPE-C-31-M-12.step
      (offset (xyz -4.47 -4.8 0))
      (scale (xyz 1 1 1))
      (rotate (xyz -90 0 0))
    )
  )

  (module Connector_PinHeader_2.54mm:PinHeader_2x03_P2.54mm_Vertical (layer B.Cu) (tedit 59FED5CC) (tstamp 61A0ADC6)
    (at 228.473 189.865 180)
    (descr "Through hole straight pin header, 2x03, 2.54mm pitch, double rows")
    (tags "Through hole pin header THT 2x03 2.54mm double row")
    (path /61C04FF9)
    (fp_text reference J102 (at 0.635 1.397) (layer B.SilkS)
      (effects (font (size 0.3 0.3) (thickness 0.075)) (justify mirror))
    )
    (fp_text value AVR-ISP-6 (at 1.27 -7.41) (layer B.Fab)
      (effects (font (size 1 1) (thickness 0.15)) (justify mirror))
    )
    (fp_line (start 4.35 1.8) (end -1.8 1.8) (layer B.CrtYd) (width 0.05))
    (fp_line (start 4.35 -6.85) (end 4.35 1.8) (layer B.CrtYd) (width 0.05))
    (fp_line (start -1.8 -6.85) (end 4.35 -6.85) (layer B.CrtYd) (width 0.05))
    (fp_line (start -1.8 1.8) (end -1.8 -6.85) (layer B.CrtYd) (width 0.05))
    (fp_line (start -1.33 1.33) (end 0 1.33) (layer B.SilkS) (width 0.12))
    (fp_line (start -1.33 0) (end -1.33 1.33) (layer B.SilkS) (width 0.12))
    (fp_line (start 1.27 1.33) (end 3.87 1.33) (layer B.SilkS) (width 0.12))
    (fp_line (start 1.27 -1.27) (end 1.27 1.33) (layer B.SilkS) (width 0.12))
    (fp_line (start -1.33 -1.27) (end 1.27 -1.27) (layer B.SilkS) (width 0.12))
    (fp_line (start 3.87 1.33) (end 3.87 -6.41) (layer B.SilkS) (width 0.12))
    (fp_line (start -1.33 -1.27) (end -1.33 -6.41) (layer B.SilkS) (width 0.12))
    (fp_line (start -1.33 -6.41) (end 3.87 -6.41) (layer B.SilkS) (width 0.12))
    (fp_line (start -1.27 0) (end 0 1.27) (layer B.Fab) (width 0.1))
    (fp_line (start -1.27 -6.35) (end -1.27 0) (layer B.Fab) (width 0.1))
    (fp_line (start 3.81 -6.35) (end -1.27 -6.35) (layer B.Fab) (width 0.1))
    (fp_line (start 3.81 1.27) (end 3.81 -6.35) (layer B.Fab) (width 0.1))
    (fp_line (start 0 1.27) (end 3.81 1.27) (layer B.Fab) (width 0.1))
    (fp_text user %R (at 1.27 -2.54 270) (layer B.Fab)
      (effects (font (size 1 1) (thickness 0.15)) (justify mirror))
    )
    (pad 6 thru_hole oval (at 2.54 -5.08 180) (size 1.7 1.7) (drill 1) (layers *.Cu *.Mask)
      (net 86 GND))
    (pad 5 thru_hole oval (at 0 -5.08 180) (size 1.7 1.7) (drill 1) (layers *.Cu *.Mask)
      (net 96 ~RESET))
    (pad 4 thru_hole oval (at 2.54 -2.54 180) (size 1.7 1.7) (drill 1) (layers *.Cu *.Mask)
      (net 101 MOSI))
    (pad 3 thru_hole oval (at 0 -2.54 180) (size 1.7 1.7) (drill 1) (layers *.Cu *.Mask)
      (net 102 SCLK))
    (pad 2 thru_hole oval (at 2.54 0 180) (size 1.7 1.7) (drill 1) (layers *.Cu *.Mask)
      (net 87 +5V))
    (pad 1 thru_hole rect (at 0 0 180) (size 1.7 1.7) (drill 1) (layers *.Cu *.Mask)
      (net 100 MISO))
    (model ${KISYS3DMOD}/Connector_PinHeader_2.54mm.3dshapes/PinHeader_2x03_P2.54mm_Vertical.wrl
      (at (xyz 0 0 0))
      (scale (xyz 1 1 1))
      (rotate (xyz 0 0 0))
    )
  )

  (module Capacitor_SMD:C_0603_1608Metric_Pad1.08x0.95mm_HandSolder (layer F.Cu) (tedit 5F68FEEF) (tstamp 61A00D2C)
    (at 211.243332 194.056 90)
    (descr "Capacitor SMD 0603 (1608 Metric), square (rectangular) end terminal, IPC_7351 nominal with elongated pad for handsoldering. (Body size source: IPC-SM-782 page 76, https://www.pcb-3d.com/wordpress/wp-content/uploads/ipc-sm-782a_amendment_1_and_2.pdf), generated with kicad-footprint-generator")
    (tags "capacitor handsolder")
    (path /6266F98E)
    (attr smd)
    (fp_text reference C108 (at 2.0555 0 180) (layer F.SilkS)
      (effects (font (size 0.3 0.3) (thickness 0.075)))
    )
    (fp_text value 1u (at 0 1.43 90) (layer F.Fab)
      (effects (font (size 1 1) (thickness 0.15)))
    )
    (fp_line (start 1.65 0.73) (end -1.65 0.73) (layer F.CrtYd) (width 0.05))
    (fp_line (start 1.65 -0.73) (end 1.65 0.73) (layer F.CrtYd) (width 0.05))
    (fp_line (start -1.65 -0.73) (end 1.65 -0.73) (layer F.CrtYd) (width 0.05))
    (fp_line (start -1.65 0.73) (end -1.65 -0.73) (layer F.CrtYd) (width 0.05))
    (fp_line (start -0.146267 0.51) (end 0.146267 0.51) (layer F.SilkS) (width 0.12))
    (fp_line (start -0.146267 -0.51) (end 0.146267 -0.51) (layer F.SilkS) (width 0.12))
    (fp_line (start 0.8 0.4) (end -0.8 0.4) (layer F.Fab) (width 0.1))
    (fp_line (start 0.8 -0.4) (end 0.8 0.4) (layer F.Fab) (width 0.1))
    (fp_line (start -0.8 -0.4) (end 0.8 -0.4) (layer F.Fab) (width 0.1))
    (fp_line (start -0.8 0.4) (end -0.8 -0.4) (layer F.Fab) (width 0.1))
    (fp_text user %R (at 0 0 90) (layer F.Fab)
      (effects (font (size 0.4 0.4) (thickness 0.06)))
    )
    (pad 2 smd roundrect (at 0.8625 0 90) (size 1.075 0.95) (layers F.Cu F.Paste F.Mask) (roundrect_rratio 0.25)
      (net 105 /UCAP))
    (pad 1 smd roundrect (at -0.8625 0 90) (size 1.075 0.95) (layers F.Cu F.Paste F.Mask) (roundrect_rratio 0.25)
      (net 86 GND))
    (model ${KISYS3DMOD}/Capacitor_SMD.3dshapes/C_0603_1608Metric.wrl
      (at (xyz 0 0 0))
      (scale (xyz 1 1 1))
      (rotate (xyz 0 0 0))
    )
  )

  (module Capacitor_SMD:C_0603_1608Metric_Pad1.08x0.95mm_HandSolder (layer B.Cu) (tedit 5F68FEEF) (tstamp 61A0BD55)
    (at 220.726 193.802 315)
    (descr "Capacitor SMD 0603 (1608 Metric), square (rectangular) end terminal, IPC_7351 nominal with elongated pad for handsoldering. (Body size source: IPC-SM-782 page 76, https://www.pcb-3d.com/wordpress/wp-content/uploads/ipc-sm-782a_amendment_1_and_2.pdf), generated with kicad-footprint-generator")
    (tags "capacitor handsolder")
    (path /62FCD0D8)
    (attr smd)
    (fp_text reference C107 (at 1.975656 -0.538815 45) (layer B.SilkS)
      (effects (font (size 0.3 0.3) (thickness 0.075)) (justify mirror))
    )
    (fp_text value 22p (at 0 -1.43 135) (layer B.Fab)
      (effects (font (size 1 1) (thickness 0.15)) (justify mirror))
    )
    (fp_line (start 1.65 -0.73) (end -1.65 -0.73) (layer B.CrtYd) (width 0.05))
    (fp_line (start 1.65 0.73) (end 1.65 -0.73) (layer B.CrtYd) (width 0.05))
    (fp_line (start -1.65 0.73) (end 1.65 0.73) (layer B.CrtYd) (width 0.05))
    (fp_line (start -1.65 -0.73) (end -1.65 0.73) (layer B.CrtYd) (width 0.05))
    (fp_line (start -0.146267 -0.51) (end 0.146267 -0.51) (layer B.SilkS) (width 0.12))
    (fp_line (start -0.146267 0.51) (end 0.146267 0.51) (layer B.SilkS) (width 0.12))
    (fp_line (start 0.8 -0.4) (end -0.8 -0.4) (layer B.Fab) (width 0.1))
    (fp_line (start 0.8 0.4) (end 0.8 -0.4) (layer B.Fab) (width 0.1))
    (fp_line (start -0.8 0.4) (end 0.8 0.4) (layer B.Fab) (width 0.1))
    (fp_line (start -0.8 -0.4) (end -0.8 0.4) (layer B.Fab) (width 0.1))
    (fp_text user %R (at 0 0 135) (layer B.Fab)
      (effects (font (size 0.4 0.4) (thickness 0.06)) (justify mirror))
    )
    (pad 2 smd roundrect (at 0.8625 0 315) (size 1.075 0.95) (layers B.Cu B.Paste B.Mask) (roundrect_rratio 0.25)
      (net 86 GND))
    (pad 1 smd roundrect (at -0.8625 0 315) (size 1.075 0.95) (layers B.Cu B.Paste B.Mask) (roundrect_rratio 0.25)
      (net 89 XTAL2))
    (model ${KISYS3DMOD}/Capacitor_SMD.3dshapes/C_0603_1608Metric.wrl
      (at (xyz 0 0 0))
      (scale (xyz 1 1 1))
      (rotate (xyz 0 0 0))
    )
  )

  (module Capacitor_SMD:C_0603_1608Metric_Pad1.08x0.95mm_HandSolder (layer B.Cu) (tedit 5F68FEEF) (tstamp 61A0BD22)
    (at 220.98 196.85 45)
    (descr "Capacitor SMD 0603 (1608 Metric), square (rectangular) end terminal, IPC_7351 nominal with elongated pad for handsoldering. (Body size source: IPC-SM-782 page 76, https://www.pcb-3d.com/wordpress/wp-content/uploads/ipc-sm-782a_amendment_1_and_2.pdf), generated with kicad-footprint-generator")
    (tags "capacitor handsolder")
    (path /62F71838)
    (attr smd)
    (fp_text reference C106 (at 1.975656 0.538815 135) (layer B.SilkS)
      (effects (font (size 0.3 0.3) (thickness 0.075)) (justify mirror))
    )
    (fp_text value 22p (at 0 -1.43 45) (layer B.Fab)
      (effects (font (size 1 1) (thickness 0.15)) (justify mirror))
    )
    (fp_line (start 1.65 -0.73) (end -1.65 -0.73) (layer B.CrtYd) (width 0.05))
    (fp_line (start 1.65 0.73) (end 1.65 -0.73) (layer B.CrtYd) (width 0.05))
    (fp_line (start -1.65 0.73) (end 1.65 0.73) (layer B.CrtYd) (width 0.05))
    (fp_line (start -1.65 -0.73) (end -1.65 0.73) (layer B.CrtYd) (width 0.05))
    (fp_line (start -0.146267 -0.51) (end 0.146267 -0.51) (layer B.SilkS) (width 0.12))
    (fp_line (start -0.146267 0.51) (end 0.146267 0.51) (layer B.SilkS) (width 0.12))
    (fp_line (start 0.8 -0.4) (end -0.8 -0.4) (layer B.Fab) (width 0.1))
    (fp_line (start 0.8 0.4) (end 0.8 -0.4) (layer B.Fab) (width 0.1))
    (fp_line (start -0.8 0.4) (end 0.8 0.4) (layer B.Fab) (width 0.1))
    (fp_line (start -0.8 -0.4) (end -0.8 0.4) (layer B.Fab) (width 0.1))
    (fp_text user %R (at 0 0 45) (layer B.Fab)
      (effects (font (size 0.4 0.4) (thickness 0.06)) (justify mirror))
    )
    (pad 2 smd roundrect (at 0.8625 0 45) (size 1.075 0.95) (layers B.Cu B.Paste B.Mask) (roundrect_rratio 0.25)
      (net 86 GND))
    (pad 1 smd roundrect (at -0.8625 0 45) (size 1.075 0.95) (layers B.Cu B.Paste B.Mask) (roundrect_rratio 0.25)
      (net 88 XTAL1))
    (model ${KISYS3DMOD}/Capacitor_SMD.3dshapes/C_0603_1608Metric.wrl
      (at (xyz 0 0 0))
      (scale (xyz 1 1 1))
      (rotate (xyz 0 0 0))
    )
  )

  (module Capacitor_SMD:C_0603_1608Metric_Pad1.08x0.95mm_HandSolder (layer F.Cu) (tedit 5F68FEEF) (tstamp 61A00CF9)
    (at 212.852 199.898 180)
    (descr "Capacitor SMD 0603 (1608 Metric), square (rectangular) end terminal, IPC_7351 nominal with elongated pad for handsoldering. (Body size source: IPC-SM-782 page 76, https://www.pcb-3d.com/wordpress/wp-content/uploads/ipc-sm-782a_amendment_1_and_2.pdf), generated with kicad-footprint-generator")
    (tags "capacitor handsolder")
    (path /62B2982C)
    (attr smd)
    (fp_text reference C105 (at 1.8415 0 270) (layer F.SilkS)
      (effects (font (size 0.3 0.3) (thickness 0.075)))
    )
    (fp_text value 100n (at 0 1.43) (layer F.Fab)
      (effects (font (size 1 1) (thickness 0.15)))
    )
    (fp_line (start 1.65 0.73) (end -1.65 0.73) (layer F.CrtYd) (width 0.05))
    (fp_line (start 1.65 -0.73) (end 1.65 0.73) (layer F.CrtYd) (width 0.05))
    (fp_line (start -1.65 -0.73) (end 1.65 -0.73) (layer F.CrtYd) (width 0.05))
    (fp_line (start -1.65 0.73) (end -1.65 -0.73) (layer F.CrtYd) (width 0.05))
    (fp_line (start -0.146267 0.51) (end 0.146267 0.51) (layer F.SilkS) (width 0.12))
    (fp_line (start -0.146267 -0.51) (end 0.146267 -0.51) (layer F.SilkS) (width 0.12))
    (fp_line (start 0.8 0.4) (end -0.8 0.4) (layer F.Fab) (width 0.1))
    (fp_line (start 0.8 -0.4) (end 0.8 0.4) (layer F.Fab) (width 0.1))
    (fp_line (start -0.8 -0.4) (end 0.8 -0.4) (layer F.Fab) (width 0.1))
    (fp_line (start -0.8 0.4) (end -0.8 -0.4) (layer F.Fab) (width 0.1))
    (fp_text user %R (at 0 0) (layer F.Fab)
      (effects (font (size 0.4 0.4) (thickness 0.06)))
    )
    (pad 2 smd roundrect (at 0.8625 0 180) (size 1.075 0.95) (layers F.Cu F.Paste F.Mask) (roundrect_rratio 0.25)
      (net 86 GND))
    (pad 1 smd roundrect (at -0.8625 0 180) (size 1.075 0.95) (layers F.Cu F.Paste F.Mask) (roundrect_rratio 0.25)
      (net 87 +5V))
    (model ${KISYS3DMOD}/Capacitor_SMD.3dshapes/C_0603_1608Metric.wrl
      (at (xyz 0 0 0))
      (scale (xyz 1 1 1))
      (rotate (xyz 0 0 0))
    )
  )

  (module Capacitor_SMD:C_0603_1608Metric_Pad1.08x0.95mm_HandSolder (layer F.Cu) (tedit 5F68FEEF) (tstamp 61A00CE8)
    (at 207.264 199.898)
    (descr "Capacitor SMD 0603 (1608 Metric), square (rectangular) end terminal, IPC_7351 nominal with elongated pad for handsoldering. (Body size source: IPC-SM-782 page 76, https://www.pcb-3d.com/wordpress/wp-content/uploads/ipc-sm-782a_amendment_1_and_2.pdf), generated with kicad-footprint-generator")
    (tags "capacitor handsolder")
    (path /62B06B0E)
    (attr smd)
    (fp_text reference C104 (at 1.905 0 270) (layer F.SilkS)
      (effects (font (size 0.3 0.3) (thickness 0.075)))
    )
    (fp_text value 100n (at 0 1.43) (layer F.Fab)
      (effects (font (size 1 1) (thickness 0.15)))
    )
    (fp_line (start 1.65 0.73) (end -1.65 0.73) (layer F.CrtYd) (width 0.05))
    (fp_line (start 1.65 -0.73) (end 1.65 0.73) (layer F.CrtYd) (width 0.05))
    (fp_line (start -1.65 -0.73) (end 1.65 -0.73) (layer F.CrtYd) (width 0.05))
    (fp_line (start -1.65 0.73) (end -1.65 -0.73) (layer F.CrtYd) (width 0.05))
    (fp_line (start -0.146267 0.51) (end 0.146267 0.51) (layer F.SilkS) (width 0.12))
    (fp_line (start -0.146267 -0.51) (end 0.146267 -0.51) (layer F.SilkS) (width 0.12))
    (fp_line (start 0.8 0.4) (end -0.8 0.4) (layer F.Fab) (width 0.1))
    (fp_line (start 0.8 -0.4) (end 0.8 0.4) (layer F.Fab) (width 0.1))
    (fp_line (start -0.8 -0.4) (end 0.8 -0.4) (layer F.Fab) (width 0.1))
    (fp_line (start -0.8 0.4) (end -0.8 -0.4) (layer F.Fab) (width 0.1))
    (fp_text user %R (at 0 0) (layer F.Fab)
      (effects (font (size 0.4 0.4) (thickness 0.06)))
    )
    (pad 2 smd roundrect (at 0.8625 0) (size 1.075 0.95) (layers F.Cu F.Paste F.Mask) (roundrect_rratio 0.25)
      (net 86 GND))
    (pad 1 smd roundrect (at -0.8625 0) (size 1.075 0.95) (layers F.Cu F.Paste F.Mask) (roundrect_rratio 0.25)
      (net 87 +5V))
    (model ${KISYS3DMOD}/Capacitor_SMD.3dshapes/C_0603_1608Metric.wrl
      (at (xyz 0 0 0))
      (scale (xyz 1 1 1))
      (rotate (xyz 0 0 0))
    )
  )

  (module Capacitor_SMD:C_0603_1608Metric_Pad1.08x0.95mm_HandSolder (layer F.Cu) (tedit 5F68FEEF) (tstamp 619FB960)
    (at 206.502 194.056 270)
    (descr "Capacitor SMD 0603 (1608 Metric), square (rectangular) end terminal, IPC_7351 nominal with elongated pad for handsoldering. (Body size source: IPC-SM-782 page 76, https://www.pcb-3d.com/wordpress/wp-content/uploads/ipc-sm-782a_amendment_1_and_2.pdf), generated with kicad-footprint-generator")
    (tags "capacitor handsolder")
    (path /62B06B04)
    (attr smd)
    (fp_text reference C103 (at -2.0555 0 180) (layer F.SilkS)
      (effects (font (size 0.3 0.3) (thickness 0.075)))
    )
    (fp_text value 100n (at 0 1.43 90) (layer F.Fab)
      (effects (font (size 1 1) (thickness 0.15)))
    )
    (fp_line (start 1.65 0.73) (end -1.65 0.73) (layer F.CrtYd) (width 0.05))
    (fp_line (start 1.65 -0.73) (end 1.65 0.73) (layer F.CrtYd) (width 0.05))
    (fp_line (start -1.65 -0.73) (end 1.65 -0.73) (layer F.CrtYd) (width 0.05))
    (fp_line (start -1.65 0.73) (end -1.65 -0.73) (layer F.CrtYd) (width 0.05))
    (fp_line (start -0.146267 0.51) (end 0.146267 0.51) (layer F.SilkS) (width 0.12))
    (fp_line (start -0.146267 -0.51) (end 0.146267 -0.51) (layer F.SilkS) (width 0.12))
    (fp_line (start 0.8 0.4) (end -0.8 0.4) (layer F.Fab) (width 0.1))
    (fp_line (start 0.8 -0.4) (end 0.8 0.4) (layer F.Fab) (width 0.1))
    (fp_line (start -0.8 -0.4) (end 0.8 -0.4) (layer F.Fab) (width 0.1))
    (fp_line (start -0.8 0.4) (end -0.8 -0.4) (layer F.Fab) (width 0.1))
    (fp_text user %R (at 0 0 90) (layer F.Fab)
      (effects (font (size 0.4 0.4) (thickness 0.06)))
    )
    (pad 2 smd roundrect (at 0.8625 0 270) (size 1.075 0.95) (layers F.Cu F.Paste F.Mask) (roundrect_rratio 0.25)
      (net 86 GND))
    (pad 1 smd roundrect (at -0.8625 0 270) (size 1.075 0.95) (layers F.Cu F.Paste F.Mask) (roundrect_rratio 0.25)
      (net 87 +5V))
    (model ${KISYS3DMOD}/Capacitor_SMD.3dshapes/C_0603_1608Metric.wrl
      (at (xyz 0 0 0))
      (scale (xyz 1 1 1))
      (rotate (xyz 0 0 0))
    )
  )

  (module Capacitor_SMD:C_0603_1608Metric_Pad1.08x0.95mm_HandSolder (layer F.Cu) (tedit 5F68FEEF) (tstamp 61A00CC6)
    (at 213.614 194.056 270)
    (descr "Capacitor SMD 0603 (1608 Metric), square (rectangular) end terminal, IPC_7351 nominal with elongated pad for handsoldering. (Body size source: IPC-SM-782 page 76, https://www.pcb-3d.com/wordpress/wp-content/uploads/ipc-sm-782a_amendment_1_and_2.pdf), generated with kicad-footprint-generator")
    (tags "capacitor handsolder")
    (path /62AE5A91)
    (attr smd)
    (fp_text reference C102 (at 1.905 0 180) (layer F.SilkS)
      (effects (font (size 0.3 0.3) (thickness 0.075)))
    )
    (fp_text value 100n (at 0 1.43 90) (layer F.Fab)
      (effects (font (size 1 1) (thickness 0.15)))
    )
    (fp_line (start 1.65 0.73) (end -1.65 0.73) (layer F.CrtYd) (width 0.05))
    (fp_line (start 1.65 -0.73) (end 1.65 0.73) (layer F.CrtYd) (width 0.05))
    (fp_line (start -1.65 -0.73) (end 1.65 -0.73) (layer F.CrtYd) (width 0.05))
    (fp_line (start -1.65 0.73) (end -1.65 -0.73) (layer F.CrtYd) (width 0.05))
    (fp_line (start -0.146267 0.51) (end 0.146267 0.51) (layer F.SilkS) (width 0.12))
    (fp_line (start -0.146267 -0.51) (end 0.146267 -0.51) (layer F.SilkS) (width 0.12))
    (fp_line (start 0.8 0.4) (end -0.8 0.4) (layer F.Fab) (width 0.1))
    (fp_line (start 0.8 -0.4) (end 0.8 0.4) (layer F.Fab) (width 0.1))
    (fp_line (start -0.8 -0.4) (end 0.8 -0.4) (layer F.Fab) (width 0.1))
    (fp_line (start -0.8 0.4) (end -0.8 -0.4) (layer F.Fab) (width 0.1))
    (fp_text user %R (at 0 0 90) (layer F.Fab)
      (effects (font (size 0.4 0.4) (thickness 0.06)))
    )
    (pad 2 smd roundrect (at 0.8625 0 270) (size 1.075 0.95) (layers F.Cu F.Paste F.Mask) (roundrect_rratio 0.25)
      (net 86 GND))
    (pad 1 smd roundrect (at -0.8625 0 270) (size 1.075 0.95) (layers F.Cu F.Paste F.Mask) (roundrect_rratio 0.25)
      (net 87 +5V))
    (model ${KISYS3DMOD}/Capacitor_SMD.3dshapes/C_0603_1608Metric.wrl
      (at (xyz 0 0 0))
      (scale (xyz 1 1 1))
      (rotate (xyz 0 0 0))
    )
  )

  (module Capacitor_SMD:C_0603_1608Metric_Pad1.08x0.95mm_HandSolder (layer F.Cu) (tedit 5F68FEEF) (tstamp 61A00CB5)
    (at 208.872666 194.056 270)
    (descr "Capacitor SMD 0603 (1608 Metric), square (rectangular) end terminal, IPC_7351 nominal with elongated pad for handsoldering. (Body size source: IPC-SM-782 page 76, https://www.pcb-3d.com/wordpress/wp-content/uploads/ipc-sm-782a_amendment_1_and_2.pdf), generated with kicad-footprint-generator")
    (tags "capacitor handsolder")
    (path /62AE499A)
    (attr smd)
    (fp_text reference C101 (at -2.032 0 180) (layer F.SilkS)
      (effects (font (size 0.3 0.3) (thickness 0.075)))
    )
    (fp_text value 100n (at 0 1.43 90) (layer F.Fab)
      (effects (font (size 1 1) (thickness 0.15)))
    )
    (fp_line (start 1.65 0.73) (end -1.65 0.73) (layer F.CrtYd) (width 0.05))
    (fp_line (start 1.65 -0.73) (end 1.65 0.73) (layer F.CrtYd) (width 0.05))
    (fp_line (start -1.65 -0.73) (end 1.65 -0.73) (layer F.CrtYd) (width 0.05))
    (fp_line (start -1.65 0.73) (end -1.65 -0.73) (layer F.CrtYd) (width 0.05))
    (fp_line (start -0.146267 0.51) (end 0.146267 0.51) (layer F.SilkS) (width 0.12))
    (fp_line (start -0.146267 -0.51) (end 0.146267 -0.51) (layer F.SilkS) (width 0.12))
    (fp_line (start 0.8 0.4) (end -0.8 0.4) (layer F.Fab) (width 0.1))
    (fp_line (start 0.8 -0.4) (end 0.8 0.4) (layer F.Fab) (width 0.1))
    (fp_line (start -0.8 -0.4) (end 0.8 -0.4) (layer F.Fab) (width 0.1))
    (fp_line (start -0.8 0.4) (end -0.8 -0.4) (layer F.Fab) (width 0.1))
    (fp_text user %R (at 0 0 90) (layer F.Fab)
      (effects (font (size 0.4 0.4) (thickness 0.06)))
    )
    (pad 2 smd roundrect (at 0.8625 0 270) (size 1.075 0.95) (layers F.Cu F.Paste F.Mask) (roundrect_rratio 0.25)
      (net 86 GND))
    (pad 1 smd roundrect (at -0.8625 0 270) (size 1.075 0.95) (layers F.Cu F.Paste F.Mask) (roundrect_rratio 0.25)
      (net 87 +5V))
    (model ${KISYS3DMOD}/Capacitor_SMD.3dshapes/C_0603_1608Metric.wrl
      (at (xyz 0 0 0))
      (scale (xyz 1 1 1))
      (rotate (xyz 0 0 0))
    )
  )

  (module Switch_Keyboard_Cherry_MX:SW_Cherry_MX_PCB_1.00u (layer F.Cu) (tedit 619F3D54) (tstamp 619C75C4)
    (at 86.36 120.65)
